20.4273,80.2486
25.8484,82.486
31.2695,89.1982
36.6906,98.1478
42.1118,111.572
47.5329,116.606
52.954,124.996
58.3751,129.471
63.7962,136.183
69.2174,145.133
74.6385,154.083
80.0596,158.557
85.4807,167.507
90.9018,171.982
96.3229,178.694
101.744,185.406
107.165,194.356
112.586,198.831
118.007,203.305
123.429,210.018
128.85,216.73
134.271,223.442
139.692,227.917
145.113,236.866
150.534,239.104
155.955,243.578
161.376,248.053
166.797,257.003
172.219,263.715
177.64,265.952
183.061,274.902
188.482,277.139
193.903,286.089
199.324,286.089
204.745,290.564
210.166,297.276
215.588,301.751
221.009,308.463
226.43,312.938
231.851,317.412
237.272,321.887
242.693,328.599
248.114,335.312
253.535,339.786
258.956,342.024
264.378,347.394
269.799,353.211
275.22,355.448
280.641,362.16
286.062,368.873
291.483,373.347
296.904,377.822
302.325,380.06
307.747,384.534
313.168,391.246
318.589,395.721
324.01,397.959
329.431,400.196
334.852,406.908
340.273,413.62
345.694,418.095
351.115,420.333
356.537,424.807
361.958,429.282
367.379,433.757
372.8,438.232
378.221,442.707
383.642,444.944
389.063,449.419
394.484,456.131
399.906,458.368
405.327,460.606
410.748,465.081
416.169,471.793
421.59,476.268
427.011,478.505
432.432,482.98
437.853,487.454
443.274,491.929
448.696,494.167
454.117,498.641
459.538,503.116
464.959,509.828
470.38,514.303
475.801,516.541
481.222,521.015
486.643,523.253
492.065,529.965
497.486,534.44
502.907,536.677
508.328,538.915
513.749,541.152
519.17,550.102
524.591,552.339
530.012,554.576
535.433,556.814
540.855,561.289
546.276,565.763
551.697,570.238
557.118,574.713
562.539,576.95
567.96,581.425
573.381,585.9
578.802,590.375
584.224,594.849
589.645,597.087
595.066,597.087
600.487,603.799
605.908,608.274
611.329,612.749
616.75,614.986
622.171,617.223
627.592,621.698
633.014,626.173
638.435,630.648
643.856,635.123
649.277,639.597
654.698,639.597
660.119,644.072
665.54,646.31
670.961,653.022
676.383,655.259
681.804,659.734
687.225,661.971
692.646,666.446
698.067,670.921
703.488,673.158
708.909,677.633
714.33,677.633
719.751,684.345
725.173,686.583
730.594,691.057
736.015,693.295
741.436,700.007
746.857,704.482
752.278,706.719
757.699,708.957
763.12,715.669
768.542,715.669
773.963,720.144
779.384,724.618
784.805,724.618
790.226,729.093
795.647,733.568
801.068,738.043
806.489,740.28
811.91,742.518
817.332,744.755
822.753,751.467
828.174,753.704
833.595,755.942
839.016,758.179
844.437,762.654
849.858,762.654
855.279,767.129
860.701,769.366
866.122,776.078
871.543,778.316
876.964,782.791
882.385,785.028
887.806,791.74
893.227,793.978
898.648,793.978
904.069,798.452
909.491,802.927
914.912,807.402
920.333,811.877
925.754,816.352
931.175,816.352
936.596,818.589
942.017,823.064
947.438,827.539
952.86,829.776
958.281,832.013
963.702,836.488
969.123,840.963
974.544,843.2
979.965,847.675
985.386,849.912
990.807,854.387
996.228,858.862
1001.65,861.099
1007.07,861.099
1012.49,865.574
1017.91,867.812
1023.33,872.286
1028.76,876.761
1034.18,878.999
1039.6,881.236
1045.02,885.711
1050.44,885.711
1055.86,890.186
1061.28,892.423
1066.7,896.898
1072.12,899.135
1077.55,903.61
1082.97,903.61
1088.39,910.322
1093.81,912.56
1099.23,917.034
1104.65,919.272
1110.07,919.272
1115.49,923.746
1120.91,925.984
1126.34,930.459
1131.76,934.933
1137.18,937.171
1142.6,939.408
1148.02,943.883
1153.44,948.358
1158.86,950.595
1164.28,952.833
1169.7,957.307
1175.13,957.307
1180.55,961.782
1185.97,964.02
1191.39,968.494
1196.81,972.969
1202.23,972.969
1207.65,977.444
1213.07,981.919
1218.49,986.394
1223.92,988.631
1229.34,990.868
1234.76,995.343
1240.18,997.581
1245.6,999.818
1251.02,1004.29
1256.44,1006.53
1261.86,1008.77
1267.28,1011
1272.71,1015.48
1278.13,1015.48
1283.55,1017.72
1288.97,1019.95
1294.39,1024.43
1299.81,1028.9
1305.23,1031.14
1310.65,1035.62
1316.07,1037.85
1321.5,1037.85
1326.92,1042.33
1332.34,1044.57
1337.76,1049.04
1343.18,1051.28
1348.6,1053.52
1354.02,1055.75
1359.44,1060.23
1364.86,1062.46
1370.29,1066.94
1375.71,1069.18
1381.13,1069.18
1386.55,1073.65
1391.97,1075.89
1397.39,1078.13
1402.81,1082.6
1408.23,1084.84
1413.65,1087.08
1419.08,1091.55
1424.5,1093.79
1429.92,1098.26
1435.34,1100.5
1440.76,1100.5
1446.18,1104.98
1451.6,1109.45
1457.02,1111.69
1462.44,1113.93
1467.87,1116.16
1473.29,1118.4
1478.71,1122.87
1484.13,1127.35
1489.55,1129.59
1494.97,1134.06
1500.39,1136.3
1505.81,1138.54
1511.23,1143.01
1516.66,1143.01
1522.08,1145.25
1527.5,1149.72
1532.92,1149.72
1538.34,1154.2
1543.76,1158.67
1549.18,1160.91
1554.6,1163.15
1560.02,1165.39
1565.45,1167.62
1570.87,1172.1
1576.29,1174.33
1581.71,1176.57
1587.13,1181.05
1592.55,1181.05
1597.97,1185.52
1603.39,1190
1608.81,1190
1614.24,1194.47
1619.66,1196.71
1625.08,1201.18
1630.5,1203.42
1635.92,1207.9
1641.34,1212.37
1646.76,1214.61
1652.18,1214.61
1657.6,1216.85
1663.03,1219.08
1668.45,1221.32
1673.87,1223.56
1679.29,1225.79
1684.71,1230.27
1690.13,1234.74
1695.55,1234.74
1700.97,1239.22
1706.39,1239.22
1711.82,1243.69
1717.24,1245.93
1722.66,1248.17
1728.08,1252.64
1733.5,1254.88
1738.92,1257.12
1744.34,1259.36
1749.76,1263.83
1755.18,1268.31
1760.61,1268.31
1766.03,1270.54
1771.45,1272.78
1776.87,1275.02
1782.29,1279.49
1787.71,1281.73
1793.13,1283.97
1798.55,1286.2
1803.98,1288.44
1809.4,1290.68
1814.82,1292.92
1820.24,1297.39
1825.66,1299.63
1831.08,1301.87
1836.5,1304.1
1841.92,1308.58
1847.34,1313.05
1852.77,1315.29
1858.19,1315.29
1863.61,1317.53
1869.03,1319.77
1874.45,1324.24
1879.87,1328.71
1885.29,1330.95
1890.71,1333.19
1896.13,1333.19
1901.56,1335.43
1906.98,1339.9
1912.4,1344.38
1917.82,1346.61
1923.24,1348.85
1928.66,1351.09
1934.08,1355.56
1939.5,1357.8
1944.92,1360.04
1950.35,1360.04
1955.77,1362.28
1961.19,1366.75
1966.61,1368.99
1972.03,1371.23
1977.45,1373.46
1982.87,1377.94
1988.29,1380.18
1993.71,1384.65
1999.14,1389.12
2004.56,1391.36
2009.98,1393.6
2015.4,1395.84
2020.82,1395.84
2026.24,1398.07
2031.66,1400.31
2037.08,1402.55
2042.5,1404.79
2047.93,1409.26
2053.35,1411.5
2058.77,1415.97
2064.19,1418.21
2069.61,1420.45
2075.03,1422.69
2080.45,1424.92
2085.87,1429.4
2091.29,1429.4
2096.72,1436.11
2102.14,1436.11
2107.56,1438.35
2112.98,1440.58
2118.4,1442.82
2123.82,1445.06
2129.24,1447.3
2134.66,1449.53
2140.08,1454.01
2145.51,1452.89
2150.93,1452.52
2156.35,1456.25
2161.77,1462.96
2167.19,1467.43
2172.61,1469.67
2178.03,1471.91
2183.45,1474.15
2188.87,1476.38
2194.3,1480.86
2199.72,1480.86
2205.14,1483.1
2210.56,1485.33
2215.98,1487.57
2221.4,1489.81
2226.82,1494.28
2232.24,1496.52
2237.66,1500.99
2243.09,1500.99
2248.51,1505.47
2253.93,1507.71
2259.35,1509.94
2264.77,1512.18
2270.19,1514.42
2275.61,1516.66
2281.03,1518.89
2286.45,1521.13
2291.88,1523.37
2297.3,1525.61
2302.72,1527.84
2308.14,1530.08
2313.56,1534.56
2318.98,1536.79
2324.4,1539.03
2329.82,1541.27
2335.24,1543.5
2340.67,1545.74
2346.09,1547.98
2351.51,1554.69
2356.93,1554.69
2362.35,1556.93
2367.77,1559.17
2373.19,1559.17
2378.61,1563.64
2384.03,1565.88
2389.46,1568.12
2394.88,1570.35
2400.3,1570.35
2405.72,1574.83
2411.14,1577.07
2416.56,1581.54
2421.98,1581.54
2427.4,1583.78
2432.82,1586.02
2438.25,1590.49
2443.67,1594.96
2449.09,1597.2
2454.51,1599.44
2459.93,1601.68
2465.35,1603.91
2470.77,1608.39
2476.19,1608.39
2481.61,1612.86
2487.04,1615.1
2492.46,1617.34
2497.88,1624.05
2503.3,1624.05
2508.72,1626.29
2514.14,1626.29
2519.56,1628.53
2524.98,1630.76
2530.4,1633
2535.83,1635.24
2541.25,1637.48
2546.67,1639.71
2552.09,1641.95
2557.51,1644.19
2562.93,1646.43
2568.35,1648.66
2573.77,1653.14
2579.19,1653.14
2584.62,1655.37
2590.04,1659.85
2595.46,1662.09
2600.88,1662.09
2606.3,1666.56
2611.72,1668.8
2617.14,1671.04
2622.56,1673.27
2627.98,1675.51
2633.41,1679.99
2638.83,1682.22
2644.25,1684.46
2649.67,1686.7
2655.09,1688.94
2660.51,1688.94
2665.93,1693.41
2671.35,1695.65
2676.77,1697.89
2682.2,1700.12
2687.62,1702.36
2693.04,1704.6
2698.46,1706.83
2703.88,1706.83
2709.3,1709.07
2714.72,1715.78
2720.14,1715.78
2725.57,1720.26
2730.99,1720.26
2736.41,1722.5
2741.83,1724.73
2747.25,1726.97
2752.67,1731.45
2758.09,1733.68
2763.51,1733.68
2768.93,1738.16
2774.36,1738.16
2779.78,1742.63
2785.2,1742.63
2790.62,1747.11
2796.04,1747.11
2801.46,1751.58
2806.88,1753.82
2812.3,1756.06
2817.72,1758.29
2823.15,1758.29
2828.57,1762.77
2833.99,1765.01
2839.41,1767.24
2844.83,1771.72
2850.25,1771.72
2855.67,1773.96
2861.09,1776.19
2866.51,1778.43
2871.94,1782.91
2877.36,1782.91
2882.78,1785.14
2888.2,1789.62
2893.62,1794.09
2899.04,1794.09
2904.46,1798.57
2909.88,1798.57
2915.3,1800.81
2920.73,1803.04
2926.15,1805.28
2931.57,1807.52
2936.99,1807.52
2942.41,1811.99
2947.83,1814.23
2953.25,1818.7
2958.67,1818.7
2964.09,1820.94
2969.52,1823.18
2974.94,1825.42
2980.36,1827.65
2985.78,1829.89
